Failed Tests

'sh' failure.
85

Autotest.
162

Autoconf base layer.
254 

autoreconf.
291 

Low level compiling/preprocessing macros.
301 

Testing autoconf/lang macros.
304 

C low level compiling/preprocessing macros.
305 307 308 312 313 314 

Testing autoconf/c macros.
318 319 320 321 322 323 324 325 326 327 328 329 330 331 332 

Semantics
392 393 394 395 396 397 398 399 400 401 402 403 404 405 406 407 411 414 415 417 418 419 420 421 422 423 424 425 426 427 428 429 430 431 432 433 434 435 436 437 438 440 441 442 

Testing autoconf/general macros.
448 449 450 465 466 

Testing autoconf/specific macros.
470 472 473 474 477 478 479 480 482 483 484 485 486 487 488 489 490 491 492 504 505 

Testing autoconf/headers macros.
506 507 508 509 511 512 513 514 515 516 517 518 519 520 521 522 523 524 525 526 527 528 529 

Testing autoconf/types macros.
530 531 532 533 534 535 536 537 538 539 540 541 542 543 544 545 546 547 548 549 550 551 552 553 554 555 556 557 558 559 560 561 562 563 564 

Testing autoconf/functions macros.
566 567 568 569 570 571 572 573 574 575 576 577 578 579 580 581 582 583 584 585 586 587 588 589 590 591 592 593 

Compatibility with external tools and macros.
596 

